@1100
00 00 00 00 00 00 00 00 00 00 00 00 00 00 00 00
00 00 00 10 10 10 10 10 10 10 00 00 18 18 00 00
00 12 36 24 48 00 00 00 00 00 00 00 00 00 00 00
00 00 00 24 24 24 FE 48 48 48 FE 48 48 48 00 00
00 00 10 38 54 54 50 30 18 14 14 54 54 38 10 10
00 00 00 44 A4 A8 A8 A8 54 1A 2A 2A 2A 44 00 00
00 00 00 30 48 48 48 50 6E A4 94 88 89 76 00 00
00 60 60 20 C0 00 00 00 00 00 00 00 00 00 00 00
00 02 04 08 08 10 10 10 10 10 10 08 08 04 02 00
00 40 20 10 10 08 08 08 08 08 08 10 10 20 40 00
00 00 00 00 10 10 D6 38 38 D6 10 10 00 00 00 00
00 00 00 00 10 10 10 10 FE 10 10 10 10 00 00 00
00 00 00 00 00 00 00 00 00 00 00 00 60 60 20 C0
00 00 00 00 00 00 00 00 7F 00 00 00 00 00 00 00
00 00 00 00 00 00 00 00 00 00 00 00 60 60 00 00
00 00 01 02 02 04 04 08 08 10 10 20 20 40 40 00
00 00 00 18 24 42 42 42 42 42 42 42 24 18 00 00
00 00 00 10 70 10 10 10 10 10 10 10 10 7C 00 00
00 00 00 3C 42 42 42 04 04 08 10 20 42 7E 00 00
00 00 00 3C 42 42 04 18 04 02 02 42 44 38 00 00
00 00 00 04 0C 14 24 24 44 44 7E 04 04 1E 00 00
00 00 00 7E 40 40 40 58 64 02 02 42 44 38 00 00
00 00 00 1C 24 40 40 58 64 42 42 42 24 18 00 00
00 00 00 7E 44 44 08 08 10 10 10 10 10 10 00 00
00 00 00 3C 42 42 42 24 18 24 42 42 42 3C 00 00
00 00 00 18 24 42 42 42 26 1A 02 02 24 38 00 00
00 00 00 00 00 00 18 18 00 00 00 00 18 18 00 00
00 00 00 00 00 00 00 10 00 00 00 00 00 10 10 20
00 00 00 02 04 08 10 20 40 20 10 08 04 02 00 00
00 00 00 00 00 00 FE 00 00 00 FE 00 00 00 00 00
00 00 00 40 20 10 08 04 02 04 08 10 20 40 00 00
00 00 00 3C 42 42 62 02 04 08 08 00 18 18 00 00
00 00 00 38 44 5A AA AA AA AA B4 42 44 38 00 00
00 00 00 10 10 18 28 28 24 3C 44 42 42 E7 00 00
00 00 00 F8 44 44 44 78 44 42 42 42 44 F8 00 00
00 00 00 3E 42 42 80 80 80 80 80 42 44 38 00 00
00 00 00 F8 44 42 42 42 42 42 42 42 44 F8 00 00
00 00 00 FC 42 48 48 78 48 48 40 42 42 FC 00 00
00 00 00 FC 42 48 48 78 48 48 40 40 40 E0 00 00
00 00 00 3C 44 44 80 80 80 8E 84 44 44 38 00 00
00 00 00 E7 42 42 42 42 7E 42 42 42 42 E7 00 00
00 00 00 7C 10 10 10 10 10 10 10 10 10 7C 00 00
00 00 00 3E 08 08 08 08 08 08 08 08 08 08 88 F0
00 00 00 EE 44 48 50 70 50 48 48 44 44 EE 00 00
00 00 00 E0 40 40 40 40 40 40 40 40 42 FE 00 00
00 00 00 EE 6C 6C 6C 6C 54 54 54 54 54 D6 00 00
00 00 00 C7 62 62 52 52 4A 4A 4A 46 46 E2 00 00
00 00 00 38 44 82 82 82 82 82 82 82 44 38 00 00
00 00 00 FC 42 42 42 42 7C 40 40 40 40 E0 00 00
00 00 00 38 44 82 82 82 82 82 B2 CA 4C 38 06 00
00 00 00 FC 42 42 42 7C 48 48 44 44 42 E3 00 00
00 00 00 3E 42 42 40 20 18 04 02 42 42 7C 00 00
00 00 00 FE 92 10 10 10 10 10 10 10 10 38 00 00
00 00 00 E7 42 42 42 42 42 42 42 42 42 3C 00 00
00 00 00 E7 42 42 44 24 24 28 28 18 10 10 00 00
00 00 00 D6 92 92 92 92 AA AA 6C 44 44 44 00 00
00 00 00 E7 42 24 24 18 18 18 24 24 42 E7 00 00
00 00 00 EE 44 44 28 28 10 10 10 10 10 38 00 00
00 00 00 7E 84 04 08 08 10 20 20 42 42 FC 00 00
00 1E 10 10 10 10 10 10 10 10 10 10 10 10 1E 00
00 00 40 40 20 20 10 10 10 08 08 04 04 04 02 02
00 78 08 08 08 08 08 08 08 08 08 08 08 08 78 00
00 1C 22 00 00 00 00 00 00 00 00 00 00 00 00 00
00 00 00 00 00 00 00 00 00 00 00 00 00 00 00 FF
00 60 60 20 C0 00 00 00 00 00 00 00 00 00 00 00
00 00 00 00 00 00 00 3C 42 1E 22 42 42 3F 00 00
00 00 00 C0 40 40 40 58 64 42 42 42 64 58 00 00
00 00 00 00 00 00 00 1C 22 40 40 40 22 1C 00 00
00 00 00 06 02 02 02 1E 22 42 42 42 26 1B 00 00
00 00 00 00 00 00 00 3C 42 7E 40 40 42 3C 00 00
00 00 00 0F 11 10 10 7E 10 10 10 10 10 7C 00 00
00 00 00 00 00 00 00 3E 44 44 38 40 3C 42 42 3C
00 00 00 C0 40 40 40 5C 62 42 42 42 42 E7 00 00
00 00 00 30 30 00 00 70 10 10 10 10 10 7C 00 00
00 00 00 0C 0C 00 00 1C 04 04 04 04 04 04 44 78
00 00 00 C0 40 40 40 4E 48 50 68 48 44 EE 00 00
00 00 00 70 10 10 10 10 10 10 10 10 10 7C 00 00
00 00 00 00 00 00 00 FE 49 49 49 49 49 ED 00 00
00 00 00 00 00 00 00 DC 62 42 42 42 42 E7 00 00
00 00 00 00 00 00 00 3C 42 42 42 42 42 3C 00 00
00 00 00 00 00 00 00 D8 64 42 42 42 44 78 40 E0
00 00 00 00 00 00 00 1E 22 42 42 42 22 1E 02 07
00 00 00 00 00 00 00 EE 32 20 20 20 20 F8 00 00
00 00 00 00 00 00 00 3E 42 40 3C 02 42 7C 00 00
00 00 00 00 00 10 10 7C 10 10 10 10 10 0C 00 00
00 00 00 00 00 00 00 C6 42 42 42 42 46 3B 00 00
00 00 00 00 00 00 00 E7 42 24 24 28 10 10 00 00
00 00 00 00 00 00 00 D7 92 92 AA AA 44 44 00 00
00 00 00 00 00 00 00 6E 24 18 18 18 24 76 00 00
00 00 00 00 00 00 00 E7 42 24 24 28 18 10 10 E0
00 00 00 00 00 00 00 7E 44 08 10 10 22 7E 00 00
00 03 04 04 04 04 04 08 04 04 04 04 04 04 03 00
08 08 08 08 08 08 08 08 08 08 08 08 08 08 08 08
00 60 10 10 10 10 10 08 10 10 10 10 10 10 60 00
30 4C 43 00 00 00 00 00 00 00 00 00 00 00 00 00
78 69 61 6F 20 6D 69 20 6D 69 20 21 00 
@16FE
31 40 00 0A B0 12 2C 1B B0 12 44 1C B0 12 CE 1B
F2 D0 40 00 29 00 3C 40 05 00 B0 12 F6 1B F2 C0
80 00 29 00 3C 40 05 00 B0 12 F6 1B F2 D0 80 00
29 00 3C 40 14 00 B0 12 F6 1B 3D 40 00 01 5C 43
B0 12 80 1B 3D 40 00 07 6C 43 B0 12 80 1B 3D 40
30 10 7C 40 03 00 B0 12 80 1B 0D 43 6C 42 B0 12
80 1B 3D 40 07 02 7C 42 B0 12 80 1B 0D 43 7C 40
09 00 B0 12 80 1B 0D 43 7C 40 0A 00 B0 12 80 1B
0D 43 7C 40 0C 00 B0 12 80 1B 0D 43 7C 40 0D 00
B0 12 80 1B 0D 43 7C 40 0F 00 B0 12 80 1B 0D 43
7C 40 10 00 B0 12 80 1B 3D 40 07 00 7C 40 11 00
B0 12 80 1B 0D 43 7C 40 12 00 B0 12 80 1B 0D 43
7C 40 13 00 B0 12 80 1B 3D 40 90 12 7C 40 10 00
B0 12 80 1B 3D 40 27 02 7C 40 11 00 B0 12 80 1B
3D 40 1D 00 7C 40 12 00 B0 12 80 1B 3D 40 00 15
7C 40 13 00 B0 12 80 1B 3D 40 18 00 7C 40 29 00
B0 12 80 1B 3D 40 0D 00 7C 40 2B 00 B0 12 80 1B
2D 42 7C 40 30 00 B0 12 80 1B 3D 40 07 03 7C 40
31 00 B0 12 80 1B 2D 43 7C 40 32 00 B0 12 80 1B
3D 40 06 02 7C 40 35 00 B0 12 80 1B 3D 40 08 04
7C 40 36 00 B0 12 80 1B 3D 40 07 05 7C 40 37 00
B0 12 80 1B 3D 40 04 02 7C 40 38 00 B0 12 80 1B
3D 40 07 07 7C 40 39 00 B0 12 80 1B 3D 40 05 04
7C 40 3C 00 B0 12 80 1B 3D 40 02 0F 7C 40 3D 00
B0 12 80 1B 0D 43 7C 40 50 00 B0 12 80 1B 3D 40
EF 00 7C 40 51 00 B0 12 80 1B 0D 43 7C 40 52 00
B0 12 80 1B 3D 40 3F 01 7C 40 53 00 B0 12 80 1B
3D 40 00 A7 7C 40 60 00 B0 12 80 1B 1D 43 7C 40
61 00 B0 12 80 1B 0D 43 7C 40 6A 00 B0 12 80 1B
0D 43 7C 40 80 00 B0 12 80 1B 0D 43 7C 40 81 00
B0 12 80 1B 0D 43 7C 40 82 00 B0 12 80 1B 0D 43
7C 40 83 00 B0 12 80 1B 0D 43 7C 40 84 00 B0 12
80 1B 0D 43 7C 40 85 00 B0 12 80 1B 3D 40 10 00
7C 40 90 00 B0 12 80 1B 3D 40 00 06 7C 40 92 00
B0 12 80 1B 3D 40 03 00 7C 40 93 00 B0 12 80 1B
3D 40 10 01 7C 40 95 00 B0 12 80 1B 0D 43 7C 40
97 00 B0 12 80 1B 0D 43 7C 40 98 00 B0 12 80 1B
3D 40 33 01 7C 40 07 00 30 40 80 1B 0A 12 0B 12
08 12 09 12 06 12 07 12 04 12 4A 4C 09 4D 4B 4E
04 4F 7B 50 E0 00 48 43 01 3C 58 53 78 90 10 00
39 2C 4F 48 0F 59 3F 90 40 01 F7 2F 4F 4B 0F 5F
0F 5F 0F 5F 0F 5F 48 48 0F 58 56 4F 00 11 47 43
0A 3C 1E 41 10 00 48 48 0D 49 0D 58 4C 4A 4C 57
B0 12 1C 1C 57 53 77 92 E0 2F 4F 4A 47 47 0F 57
3F 90 F0 00 F7 37 3C 40 80 00 4E 47 B0 12 30 1C
4F 46 4F FC 3C 40 80 00 4E 47 B0 12 30 1C 4F 9C
E0 23 0E 44 48 48 0D 49 0D 58 4C 4A 4C 57 B0 12
1C 1C E0 3F 30 40 0C 1C 0A 12 0B 12 08 12 09 12
4A 4C 08 4D 4B 4E 09 4F 4D 4A 7C 40 50 00 B0 12
80 1B 4D 4B 7C 40 51 00 B0 12 80 1B 0D 48 7C 40
52 00 B0 12 80 1B 0D 49 7C 40 53 00 B0 12 80 1B
4D 4A 7C 40 20 00 B0 12 80 1B 0D 48 7C 40 21 00
B0 12 80 1B 7D 40 22 00 4C 43 B0 12 8A 1A 30 40
12 1C 0A 12 0B 12 08 12 0A 4C 3F 40 40 01 7E 40
F0 00 0D 43 4C 43 B0 12 F6 19 0B 43 08 3C 0C 4A
B0 12 B8 1B 18 53 38 90 F0 00 F9 2B 1B 53 3B 90
40 01 02 2C 08 43 F7 3F 30 40 14 1C F2 D0 20 00
29 00 F2 C0 40 00 29 00 F2 C2 29 00 C2 4C 1D 00
F2 C0 10 00 29 00 F2 D0 10 00 29 00 C2 4D 1D 00
F2 C0 10 00 29 00 F2 D0 10 00 29 00 F2 D0 40 00
29 00 30 41 F2 D0 20 00 29 00 F2 C0 40 00 29 00
F2 D2 29 00 C2 4C 1D 00 F2 C0 10 00 29 00 F2 D0
10 00 29 00 C2 4D 1D 00 F2 C0 10 00 29 00 F2 D0
10 00 29 00 F2 D0 40 00 29 00 30 41 0A 12 0B 12
08 12 09 12 4A 4C 0B 4D 08 4E 09 4F 0B 3C 11 12
0C 00 0F 49 6E 48 0D 4B 4C 4A B0 12 5A 19 7A 52
18 53 21 53 C8 93 00 00 F2 23 30 40 12 1C B2 40
80 5A 20 01 B0 12 5E 1B 3C 40 32 00 B0 12 F6 1B
B0 12 CE 1B B0 12 0A 17 3C 40 32 00 B0 12 F6 1B
3C 43 B0 12 50 1A B0 12 A0 1B 32 D0 F0 00 FF 3F
F2 C0 80 00 57 00 F2 D0 88 00 58 00 3F 40 88 13
01 3C 3F 53 0F 93 FD 23 E2 C3 02 00 B2 43 72 01
30 41 0F 4D 8F 10 3F F0 FF 00 0E 12 C1 4D 00 00
3E 41 4D 4C 4C 43 B0 12 8A 1A 4D 4E 4C 4F 30 40
C2 1A 33 12 3F 40 00 F8 3E 40 F0 16 3D 40 32 00
4C 43 B0 12 FA 1A 21 53 30 41 0F 4C 8F 10 3F F0
FF 00 0D 12 C1 4C 00 00 3D 41 4C 4F 30 40 C2 1A
C2 43 2E 00 F2 40 F8 00 2A 00 C2 43 1F 00 F2 43
1E 00 30 41 0A 12 21 83 0A 4C 81 4A 00 00 0D 41
5C 43 B0 12 4C 1C F9 3F 06 3C 00 3C 3F 40 4B 01
3F 53 FE 2F 7C 53 5C 93 F8 2F 30 41 35 41 34 41
37 41 36 41 39 41 38 41 3B 41 3A 41 30 41 0A 12
0A 4E B0 12 3C 1C 0C 4A B0 12 B8 1B 3A 41 30 41
8C 11 4E 93 03 24 0C 11 5E 83 FD 23 30 41 0F 4D
4E 4C 30 40 F6 19 30 40 48 1C 30 40 E2 1B 30 41
@FFFE
FE 16 
q
